R_V1_ROI
1 76 5 255 255
R_MST_ROI
2 52 108 132 255
R_V2_ROI
4 26 54 239 255
R_V3_ROI
5 18 32 240 255
R_V4_ROI
6 20 36 223 255
R_V8_ROI
7 30 62 208 255
R_FEF_ROI
10 137 144 148 255
R_PEF_ROI
11 166 179 169 255
R_55b_ROI
12 111 105 77 255
R_V3A_ROI
13 24 70 253 255
R_V7_ROI
16 26 92 193 255
R_IPS1_ROI
17 57 123 172 255
R_FFC_ROI
18 57 94 121 255
R_V3B_ROI
19 41 73 222 255
R_LO1_ROI
20 17 67 207 255
R_LO2_ROI
21 21 53 182 255
R_PIT_ROI
22 33 54 187 255
R_MT_ROI
23 34 93 106 255
R_7Pm_ROI
29 158 205 191 255
R_24dv_ROI
41 119 154 67 255
R_7AL_ROI
42 120 191 130 255
R_SCEF_ROI
43 136 149 105 255
R_6ma_ROI
44 152 169 137 255
R_7Am_ROI
45 170 246 220 255
R_7PL_ROI
46 167 255 232 255
R_7PC_ROI
47 75 178 105 255
R_LIPv_ROI
48 65 129 176 255
R_VIP_ROI
49 60 150 150 255
R_MIP_ROI
50 129 202 197 255
R_6d_ROI
54 37 162 42 255
R_6mp_ROI
55 77 159 50 255
R_6v_ROI
56 89 181 67 255
R_p32pr_ROI
60 171 143 129 255
R_6r_ROI
78 186 200 155 255
R_IFJa_ROI
79 139 114 101 255
R_IFJp_ROI
80 131 139 128 255
R_LIPd_ROI
95 149 177 197 255
R_6a_ROI
96 128 197 144 255
R_i6-8_ROI
97 123 117 106 255
R_AIP_ROI
117 131 215 162 255
R_PH_ROI
138 75 128 161 255
R_IP2_ROI
144 190 176 178 255
R_IP1_ROI
145 131 116 129 255
R_IP0_ROI
146 110 164 210 255
R_V6A_ROI
152 52 102 179 255
R_VMV1_ROI
153 60 70 174 255
R_VMV3_ROI
154 51 66 164 255
R_V4t_ROI
156 18 93 132 255
R_FST_ROI
157 75 160 147 255
R_V3CD_ROI
158 28 71 203 255
R_LO3_ROI
159 65 102 175 255
R_VMV2_ROI
160 68 74 176 255
R_VVC_ROI
163 59 67 124 255
L_V1_ROI
181 67 10 255 255
L_MST_ROI
182 49 91 127 255
L_V2_ROI
184 13 51 237 255
L_V3_ROI
185 5 34 233 255
L_V4_ROI
186 9 20 213 255
L_V8_ROI
187 18 41 191 255
L_FEF_ROI
190 132 143 137 255
L_PEF_ROI
191 138 156 148 255
L_55b_ROI
192 60 87 49 255
L_V3A_ROI
193 2 60 247 255
L_V7_ROI
196 9 73 188 255
L_IPS1_ROI
197 47 107 165 255
L_FFC_ROI
198 57 85 118 255
L_V3B_ROI
199 20 48 202 255
L_LO1_ROI
200 0 41 184 255
L_LO2_ROI
201 9 29 182 255
L_PIT_ROI
202 27 32 173 255
L_MT_ROI
203 24 81 97 255
L_7Pm_ROI
209 152 184 187 255
L_24dv_ROI
221 119 155 67 255
L_7AL_ROI
222 105 197 136 255
L_SCEF_ROI
223 100 144 83 255
L_6ma_ROI
224 140 174 134 255
L_7Am_ROI
225 177 244 223 255
L_7PL_ROI
226 173 255 239 255
L_7PC_ROI
227 62 176 108 255
L_LIPv_ROI
228 63 112 164 255
L_VIP_ROI
229 46 142 139 255
L_MIP_ROI
230 130 204 200 255
L_6d_ROI
234 22 161 35 255
L_6mp_ROI
235 62 161 42 255
L_6v_ROI
236 67 171 53 255
L_p32pr_ROI
240 151 138 116 255
L_6r_ROI
258 172 205 147 255
L_IFJa_ROI
259 115 107 92 255
L_IFJp_ROI
260 128 141 122 255
L_LIPd_ROI
275 155 172 203 255
L_6a_ROI
276 122 192 136 255
L_i6-8_ROI
277 98 101 90 255
L_AIP_ROI
297 138 219 165 255
L_PH_ROI
318 84 120 161 255
L_IP2_ROI
324 184 166 180 255
L_IP1_ROI
325 122 123 136 255
L_IP0_ROI
326 114 154 206 255
L_V6A_ROI
332 28 92 166 255
L_VMV1_ROI
333 61 63 177 255
L_VMV3_ROI
334 49 57 166 255
L_V4t_ROI
336 11 76 129 255
L_FST_ROI
337 83 149 150 255
L_V3CD_ROI
338 15 47 180 255
L_LO3_ROI
339 53 90 170 255
L_VMV2_ROI
340 69 61 169 255
L_VVC_ROI
343 51 57 124 255
